0.39291414
0.407077971
0.55551817
0.477496484
0.507447177
0.379673399
0.367319195
0.484006734
0.410714286
0.476091476
0.536608863
0.490843689
0.413726994
0.473769169
0.570686071
0.543643264
0.51532802
0.532932417
0.402054795
0.332113449
0.404034896
0.456753555
0.509302326
0.364844904
0.511544012
0.353544776
0.589586524
0.496141975
0.479099678
0.554441261
0.690328305
0.629276316
0.603960396
0.459740991
0.474866943
0.495223881
0.443891102
0.627412172
0.49475
0.533146592
0.573136708
0.480323115
0.554776835
0.485578748
0.509493671
0.554264852
0.523108579
0.483147906
0.464423414
0.518724696
0.47981748
0.495216159
0.519414169
0.46442904
0.522140865
0.472794118
0.434511435
0.502482416
0.491372054
0.489251935
0.451673739
0.537303665
0.502172024
0.475865209
0.51884312
0.523789649
0.491942324
0.518971848
0.498977923
0.483530405
0.354416576
0.429726368
0.487244898
0.462277092
0.510080645
0.594329335
0.495876855
0.490761478
0.486781609
0.54945624
0.574482151
0.488503156
0.484425848
0.477912621
0.531818182
0.501133787
0.527837259
0.442720764
0.488025415
0.471044467
0.516983017
0.40238806
0.6140553
0.505469462
0.530192719
0.534489633
0.464788732
0.541666667
0.492050874
0.487993488
0.536064955
0.513771575
0.487772761
0.501874063
0.559153999
0.448011675
0.460857592
0.513957935
0.524372499
0.469919013
0.476795803
0.427449168
0.354029851
0.547786177
0.509533898
0.524433249
0.434794989
0.453300125
0.523724792
0.485033598
0.475992318
0.476541555
0.550331525
0.475332068
0.587206266
0.567915162
0.439554881
0.450528071
0.519241048
0.547630561
0.524597701
0.43477131
0.566275924
0.604634581
0.555889804
0.482295082
0.537317961
0.522872032
0.494141769
0.494671403
0.488956127
0.409188416
0.464586524
0.481128327
0.491925717
0.573959408
0.5074551
0.553014238
0.549413049
0.522175841
0.46689847
0.501939595
0.530444965
0.399718838
0.528154481
0.487148473
0.513819465
0.514281634
0.503122339
0.491630592
0.445422535
0.418249534
0.558533377
0.465365682
0.36631016
0.62056138
0.627581864
0.481316958
0.498164175
0.520859512
0.5
0.508279783
0.461824953
0.45236014
0.514431239
0.51442704
0.549070632
0.492069486
0.556201117
0.511356191
0.495371391
0.524523161
0.526028214
0.485378323
0.471922246
0.501936317
0.489230769
0.52859511
0.487685775
0.471736205
0.516066001
0.502913879
0.510460693
0.525661588
0.51459712
0.497555251
0.495659893
0.477745724
0.466351441
0.497791032
0.484982935
0.511666667
0.506470717
0.473313309
0.461691542
0.531031265
0.456780735
0.50761358
0.52320876
0.53280694
0.484285387
0.472659085
0.509843454
0.516291877
0.45917101
0.510924982
0.501573088
0.538324022
0.515377951
0.504081633
0.482892691
0.413474068
0.518448795
0.518608023
0.513976979
0.507291667
0.497791211
0.453771908
0.558037719
0.502235136
0.365929705
0.473432836
0.565724656
0.49555323
0.482819264
0.53509434
0.479439497
0.546878709
0.461390949
0.457859717
0.564056079
0.536730123
0.537209784
0.521713266
0.504714202
0.529134295
0.443712698
0.516517413
0.500695548
0.469645868
0.44358433
0.534098361
0.525020764
0.521937661
0.532745826
0.502124515
0.492974897
0.456968464
0.499286879
0.526163352
0.493248532
0.53024453
0.527618551
0.501817238
0.495723512
0.524879748
0.499086075
0.52124105
0.494287094
0.484144114
0.530113902
0.519349033
0.481973582
0.477932825
0.48667333
0.489974511
0.507860846
0.493905536
0.491652324
0.482266976
0.475607477
0.488918609
0.503603945
0.433483774
0.498382924
0.509310199
0.486639148
0.478117914
0.561804452
0.542045868
0.494479205
0.510097367
0.510675843
0.49955846
0.495904558
0.490566038
0.519776965
0.509571014
0.497250387
0.523579499
0.517614534
0.472851432
0.538295909
0.512081645
0.502909579
0.514840017
0.471537873
0.497539597
0.492508194
0.469619205
0.524334541
0.526123302
0.517084775
0.489248895
0.494114141
0.50971654
0.484094678
0.476397221
0.481839005
0.45242788
0.499461883
0.514795474
0.521489255
0.512506091
0.509245975
0.512132524
0.481783008
0.506601973
0.553931309
0.50994575
0.501456311
0.525220598
0.514948256
0.503866633
0.493904786
0.487235163
0.469713887
0.495066949
0.515963979
0.487625839
0.491684435
0.480735164
0.449268293
0.454593828
0.512536746
0.501035375
0.462230883
0.501111111
0.504587156
0.532590051
0.497413793
0.529220779
0.490909091
0.498341625
0.5
0.528169014
0.523134328
0.517985612
0.488970588
0.466248038
0.518882175
0.507440476
0.529411765
0.512960437
0.518396846
0.49535809
0.481430536