0.494009631
0.500594156
0.500027314
0.498611618
0.50186899
0.500003327
0.499289198
0.503370731
0.498339417
0.500751818
0.49364046
0.498704092
0.496451741
0.500996999
0.499387789
0.496770468
0.499580316
0.488258575
0.506033562
0.490726839
0.499267795
0.505533813
0.497508718
0.493950527
0.49462203
0.493012843
0.471151043
0.478572285
0.549379515
0.525300831
0.495833756
0.501436934
0.499315438
0.497474774
0.500498799
0.499157129
0.499279751
0.498617304
0.49678324
0.499539544
0.498219075
0.499605656
0.500196951
0.498259486
0.498000118
0.501083157
0.499540751
0.500481054
0.497509595
0.499052828
0.499105088
0.498318469
0.498084685
0.501182358
0.497186448
0.500376455
0.498276702
0.496361259
0.500071652
0.497649205
0.498441318
0.500441372
0.497553545
0.496632139
0.502264676
0.497776053
0.499253075
0.500596774
0.499122026
0.497229103
0.501857313
0.498211291
0.496941582
0.499766903
0.499024397
0.501557101
0.499631807
0.496772862
0.50086451
0.497967709
0.498440399
0.501872918
0.500334239
0.497352601
0.499887911
0.499991716
0.49844936
0.501141953
0.494893564
0.504029338
0.497722764
0.495737292
0.50067673
0.499741173
0.497399775
0.501833583
0.497216589
0.497391056
0.498017444
0.498097383
0.496213175
0.500118682
0.497716065
0.503107141
0.501342231
0.497654857
0.497979724
0.50032047
0.498109835
0.498949375
0.496895811
0.500958107
0.499571658
0.498012521
0.504316116
0.496109304
0.497158025
0.497633402
0.5021284
0.49837474
0.50275484
0.497861251
0.500570988
0.498736699
0.49718982
0.505243045
0.492917557
0.498341085
0.500085479
0.501406865
0.491619958
0.503781307
0.497692917
0.498680294
0.501567949
0.502196437
0.498854298
0.49326206
0.500683848
0.504464246
0.497015273
0.501467143
0.498738383
0.497533265
0.500966223
0.497714237
0.497575142
0.500655989
0.498039384
0.496851874
0.498791266
0.496745273
0.502832553
0.502121865
0.493469593
0.499740292
0.496953155
0.500607337
0.499846766
0.499402476
0.500162659
0.50088662
0.501623909
0.498753823
0.508733675
0.499510257
0.503961541
0.505474352
0.502349185
0.504132965
0.493216474
0.498717431
0.498400418
0.499257552
0.506992649
0.498924843
0.49842476
0.49917383
0.500667321
0.499003998
0.494032613
0.501613825
0.499418759
0.500194571
0.495826422
0.503200904
0.496679817
0.500466212
0.500556791
0.496487
0.499943139
0.497964936
0.498069611
0.501535537
0.500694676
0.49762065
0.502707036
0.4958141
0.500557356
0.498363614
0.494439723
0.498906679
0.499287545
0.501301991
0.498772514
0.499499386
0.494840208
0.50116196
0.498838376
0.499091108
0.500839679
0.495550934
0.498115432
0.499702879
0.496559306
0.499399127
0.498709979
0.495655394
0.503330237
0.495388654
0.501585834
0.496917897
0.495543869
0.502969578
0.498669092
0.497112603
0.499408388
0.497139958
0.497343896
0.498769336
0.493760515
0.499426664
0.497381568
0.502185471
0.497463431
0.500896466
0.496903358
0.498602666
0.500494964
0.499779001
0.502880579
0.497380352
0.498066244
0.500111676
0.498062953
0.497537551
0.503202014
0.498691237
0.49242541
0.502583329
0.495815143
0.508129751
0.494241651
0.501549161
0.503463114
0.497693632
0.496216035
0.501083626
0.500974214
0.500328157
0.500440651
0.499956084
0.499058657
0.498751405
0.496019875
0.503270843
0.498469741
0.50091296
0.493358251
0.497447327
0.497512227
0.50534222
0.494726513
0.496384358
0.497590894
0.498307182
0.498648413
0.495520904
0.499822797
0.498410322
0.50002006
0.497285348
0.496194403
0.498640222
0.501157421
0.497967256
0.498266273
0.493251965
0.49739825
0.501025467
0.495715519
0.498709885
0.501057985
0.498569011
0.492626523
0.502630591
0.496108579
0.501030559
0.496797524
0.499932411
0.498706574
0.495990924
0.495576132
0.504758874
0.488890826
0.503291202
0.496470119
0.497041823
0.501958598
0.499010679
0.496662425
0.497976176
0.49853483
0.498141649
0.497731715
0.50166488
0.493377552
0.497307497
0.499220083
0.501041995
0.495352036
0.499130008
0.502148786
0.496212046
0.49726434
0.502480208
0.495209175
0.498592655
0.501539402
0.497418003
0.503616509
0.499869452
0.495001538
0.500320833
0.49541075
0.502169204
0.496585538
0.499869473
0.500527359
0.49518598
0.498312995
0.498344719
0.497219858
0.500068588
0.498691473
0.495084816
0.500162602
0.496149497
0.498006597
0.501108198
0.500157461
0.497034446
0.498027551
0.501869023
0.499215625
0.500751224
0.498164315
0.498597302
0.497191675
0.498254144
0.500967362
0.49915424
0.493272772
0.500929376
0.499680426
0.495896032
0.497781441