0.502981639
0.500087816
0.499340513
0.500958465
0.499884496
0.502196442
0.499283694
0.498639704
0.496284318
0.496707167
0.49514283
0.495752627
0.496870725
0.494659306
0.496207252
0.498986223
0.492339861
0.493530173
0.493912791
0.493738482
0.493526696
0.495917195
0.493752569
0.495679724
0.494067787
0.497822495
0.49590442
0.491755069
0.475512425
0.468293034
0.482860784
0.498152813
0.497300755
0.497731133
0.496510215
0.49535482
0.497151436
0.497101215
0.497322905
0.495820947
0.496853724
0.498955943
0.498673328
0.498562103
0.497492827
0.495885294
0.499539656
0.499511066
0.499041403
0.498217444
0.498780367
0.497813577
0.498087606
0.499205184
0.49801225
0.498485744
0.499426088
0.498254142
0.499031022
0.497985002
0.498446592
0.49784891
0.497709991
0.499109702
0.49807534
0.497678941
0.497408511
0.497413929
0.497233073
0.498743976
0.497287378
0.497411393
0.497699989
0.496656841
0.49765818
0.497403177
0.497353997
0.496482866
0.497445319
0.496968725
0.494896306
0.49763959
0.496343303
0.498672366
0.497729056
0.497881145
0.497809392
0.498097874
0.498620823
0.497988148
0.499338329
0.494946872
0.497273467
0.496690996
0.498214193
0.497365859
0.498543952
0.498710653
0.497399106
0.49759851
0.496917446
0.497468795
0.498243885
0.496294759
0.497728674
0.497274136
0.4994387
0.49467776
0.497632111
0.497232266
0.497852109
0.497332568
0.498002059
0.498298578
0.496756344
0.499880719
0.49905351
0.494094374
0.49657651
0.496740452
0.496072639
0.496542908
0.497374816
0.496429435
0.497784432
0.497253474
0.497705836
0.49730821
0.496211219
0.497529284
0.497359367
0.498226336
0.498911397
0.489749479
0.490951809
0.49584045
0.496079912
0.496567339
0.496815537
0.496384491
0.49879002
0.498187001
0.498822776
0.497166699
0.49821204
0.49708196
0.499430828
0.498888229
0.496795623
0.498195073
0.50017044
0.497085634
0.502230461
0.500282326
0.498246981
0.498407191
0.500047365
0.500005921
0.499727504
0.499418791
0.496548388
0.499784928
0.496013537
0.498223286
0.495019592
0.489002969
0.49683
0.493269292
0.495552104
0.49904828
0.49699181
0.498852319
0.499220698
0.497191818
0.495678866
0.494330824
0.49773141
0.497997796
0.498341692
0.499054463
0.49877456
0.494794089
0.497911686
0.497708891
0.499025072
0.494957467
0.49762817
0.498895859
0.497313196
0.496926754
0.497490455
0.496464676
0.498041087
0.497763676
0.496975851
0.497208715
0.499500007
0.497249701
0.498940521
0.49819312
0.49682725
0.497978963
0.4987648
0.497403207
0.49740495
0.497491357
0.497571398
0.497489688
0.498652395
0.498913364
0.499292687
0.499354035
0.499517006
0.498554642
0.497921014
0.497793643
0.497250658
0.497907484
0.498899609
0.499808554
0.493789572
0.496658591
0.497072437
0.496806847
0.499324246
0.500148292
0.499546474
0.500757476
0.502294781
0.495192546
0.496105737
0.496920779
0.494871838
0.496809636
0.498227952
0.496890397
0.497176022
0.498139325
0.4955968
0.496074965
0.497833653
0.496197957
0.49615974
0.497736122
0.497625287
0.499981802
0.498924025
0.497313947
0.498132062
0.495075082
0.495906016
0.501056391
0.48938364
0.496752124
0.497110274
0.496054939
0.500282326
0.49370071
0.494226282
0.496141246
0.494852792
0.495420364
0.498860182
0.498351603
0.496294759
0.497066438
0.498155832
0.498117335
0.501279872
0.494066069
0.49670898
0.498585573
0.496959897
0.497017677
0.497930959
0.49739475
0.498242415
0.498103429
0.496971512
0.497558692
0.497242585
0.496773539
0.499231691
0.497421978
0.496868715
0.496686913
0.495508044
0.495301809
0.495400478
0.497038394
0.49764585
0.497634713
0.497077436
0.496852441
0.49689403
0.495969134
0.49711126
0.49774584
0.497182075
0.497583751
0.498016374
0.495731288
0.497708653
0.497840173
0.498426619
0.497954004
0.498063074
0.498474417
0.497904991
0.496903902
0.497044635
0.497415676
0.498744658
0.499076824
0.498038952
0.498261268
0.498390892
0.498535355
0.496572724
0.498094794
0.497465216
0.498673997
0.49910057
0.498431471
0.498174979
0.496972585
0.497393559
0.496495659
0.496427755
0.498839907
0.499828075
0.50035792
0.499139514
0.500114705
0.499583848
0.500258168
0.499942623
0.500358351
0.49874982
0.50161854
0.498635567
0.499827591
0.499367034
0.499884889
0.499942438
0.499366013
0.498061735
0.499348242
0.499056795
0.499462522
0.500058099
0.49919986
0.496247765
0.500058622
0.500410016
0.500672692
0.50081759
0.500262659
0.499605701
0.498020702
0.498308226
0.499278117
0.499926328
0.500765021
0.500161779
0.500616939
0.499426471