0.55249488
0.523182325
0.438254506
0.543564937
0.510265804
0.566308405
0.482942828
0.51715183
0.544905487
0.496547749
0.498732126
0.463670824
0.526562922
0.480011832
0.494183309
0.472535301
0.507661137
0.47298192
0.497933651
0.495346076
0.492923416
0.471737245
0.441019137
0.511458239
0.525814278
0.452063094
0.465875549
0.470025933
0.466234511
0.42276399
0.550614716
0.531885795
0.490061966
0.482278515
0.477502786
0.481684739
0.497710627
0.512998721
0.489434491
0.462895554
0.53966702
0.476319392
0.486937324
0.482779528
0.451286155
0.547422154
0.498313692
0.546011546
0.503896029
0.471470152
0.489248765
0.495419316
0.473405347
0.499800381
0.51440669
0.509341589
0.463199964
0.497860043
0.489126993
0.482165069
0.494765628
0.49365639
0.483087476
0.504686603
0.48752317
0.488508459
0.492592834
0.481241507
0.47848181
0.494417395
0.487036388
0.511564383
0.490526009
0.495051461
0.46701613
0.510648639
0.481918641
0.509701531
0.465785057
0.506068553
0.539287776
0.509910603
0.494566411
0.4530763
0.516366552
0.534297074
0.485821768
0.508201135
0.486986534
0.495864008
0.506311033
0.464587594
0.510642835
0.505799697
0.482628046
0.484716439
0.509484157
0.475914064
0.504356673
0.480488472
0.48443819
0.510053608
0.512665617
0.475116231
0.508704469
0.485627689
0.482118575
0.480348563
0.474705212
0.505032581
0.46721957
0.507618833
0.480905975
0.490624388
0.483018426
0.497126153
0.479695381
0.498460256
0.494456256
0.52230259
0.491967616
0.478322992
0.499238514
0.480952061
0.53594782
0.507311819
0.478988099
0.472804068
0.459946644
0.502898479
0.511933721
0.444313571
0.53180123
0.532092817
0.503089936
0.510894791
0.506653814
0.483375104
0.500215651
0.484780081
0.491102089
0.469050087
0.501830574
0.47070235
0.439785623
0.531194837
0.465518386
0.532741998
0.54147384
0.486815877
0.464324967
0.478832049
0.526838243
0.470961951
0.475676125
0.518212701
0.471787801
0.492276978
0.460910934
0.482892134
0.483395446
0.43827318
0.445294809
0.533384809
0.531898569
0.486500127
0.553859787
0.588659483
0.558212813
0.490976328
0.492897888
0.545523376
0.477233919
0.470668246
0.498322679
0.524767141
0.549470644
0.50163099
0.534654019
0.470827318
0.479752423
0.490164044
0.510940255
0.500247646
0.484271848
0.478640508
0.498863895
0.509695892
0.489930816
0.503388478
0.486255181
0.476027594
0.482900973
0.477938962
0.518558163
0.50155814
0.530933406
0.503679817
0.487200785
0.505297465
0.477214191
0.506158132
0.473466019
0.507294266
0.500092933
0.507492574
0.468917723
0.502722148
0.461863503
0.51940247
0.512791706
0.502591628
0.525978653
0.481250089
0.469159338
0.479399949
0.484021544
0.513049975
0.539171497
0.484635634
0.482660209
0.518571171
0.50876925
0.508791714
0.484331402
0.48900401
0.492741472
0.459352301
0.506492861
0.478262498
0.465423959
0.491575339
0.45506416
0.454092322
0.498635534
0.493712668
0.505466077
0.548441959
0.443963151
0.432729553
0.554298969
0.505047957
0.546114365
0.54719848
0.521472193
0.54257187
0.467120803
0.552362166
0.504196575
0.494866828
0.428890072
0.436148919
0.584918828
0.554683222
0.530874226
0.488142564
0.501358542
0.42501603
0.572396518
0.611965464
0.438836763
0.524521446
0.614508121
0.541274824
0.563419592
0.441682882
0.525102682
0.416904593
0.559542928
0.577869722
0.513185882
0.404026292
0.515845438
0.390120678
0.437680984
0.459894908
0.498757004
0.480886795
0.508865948
0.456365462
0.514224141
0.483452507
0.462113696
0.543469586
0.428580876
0.437639135
0.449714631
0.477108227
0.435104219
0.599642703
0.505897907
0.467431572
0.52396155
0.491085048
0.481595698
0.453330328
0.484395199
0.509434257
0.497822554
0.527312258
0.469013809
0.502036002
0.44738813
0.485092693
0.444652432
0.484014079
0.533346066
0.52567308
0.465601109
0.500611167
0.470896677
0.502204708
0.462584319
0.471816323
0.544062547
0.52348745
0.477778618
0.459542401
0.499386392
0.481005671
0.496359765
0.503337424
0.488832693
0.503583955
0.488515944
0.490561421
0.463704537
0.460171413
0.487795919
0.483621101
0.485209076
0.474490201
0.49784563
0.498907133
0.517472894
0.491364534
0.500868577
0.469909715
0.488526262
0.519879215
0.499080181
0.50646975
0.530940063
0.504978325
0.484764418
0.48514694
0.515957447
0.489197409
0.486578536
0.472938839
0.499467292
0.497558991
0.470434822
0.520800429
0.485568824
0.518360284
0.485678411
0.481447153
0.460705256
0.481226533
0.482108609
0.515245425
0.484714336
0.518545728
0.494271445
0.52077778
0.52344231