0.538344654
0.494786459
0.473314935
0.516253052
0.49195654
0.517496045
0.475598093
0.508798614
0.531080648
0.4825685
0.518532888
0.509506272
0.475736164
0.485230133
0.526187215
0.501187627
0.499176576
0.50627459
0.496326902
0.476455886
0.496006073
0.480885138
0.424784122
0.50448542
0.499019869
0.467071396
0.512969678
0.490624096
0.458298855
0.466255767
0.552640453
0.544434475
0.509541515
0.492214489
0.491999185
0.473083089
0.474607535
0.51898471
0.494227982
0.483624004
0.537233481
0.475173785
0.504193328
0.48527763
0.481045998
0.552263517
0.490178126
0.545596525
0.472558894
0.493095817
0.494413462
0.497687352
0.505920677
0.476378395
0.513910035
0.522297105
0.492678434
0.49912035
0.483796051
0.459341049
0.481929367
0.506999686
0.502701734
0.490258298
0.488179503
0.492398433
0.505484861
0.497961015
0.501910343
0.477991346
0.47464967
0.470358982
0.512955221
0.4904
0.468112638
0.548130604
0.482931468
0.502763346
0.477166002
0.542570912
0.539808582
0.518072188
0.482592713
0.451261348
0.539764209
0.541164446
0.491364038
0.507961329
0.473280239
0.491851404
0.489119818
0.46821531
0.493592833
0.500260025
0.468133749
0.492573045
0.475722856
0.50627946
0.484874457
0.481899049
0.488525326
0.517660035
0.500446059
0.502462699
0.542255043
0.479905337
0.453450042
0.504422446
0.460155682
0.51022291
0.500329012
0.503528974
0.503113804
0.441000136
0.463728528
0.481115323
0.464239195
0.449758152
0.471006766
0.496723283
0.49828901
0.491670558
0.517304742
0.472839479
0.551369147
0.527900365
0.481471197
0.447700713
0.479470986
0.498770542
0.530805294
0.483443081
0.514232513
0.544636801
0.499137131
0.493688704
0.507919498
0.495149204
0.54089715
0.481140212
0.499560071
0.485313534
0.460087259
0.508906701
0.469102091
0.537392134
0.491758183
0.51976005
0.558273193
0.501467095
0.452404348
0.50353058
0.516517422
0.435750705
0.534340202
0.504859754
0.517121705
0.493448768
0.479997369
0.477110003
0.460680814
0.455686088
0.464252116
0.526621675
0.548846105
0.479600624
0.503772307
0.619134696
0.569342463
0.511360706
0.503878312
0.529890072
0.482362803
0.447130024
0.539604441
0.499611917
0.556027393
0.511890117
0.531574363
0.501431577
0.493463733
0.519705616
0.52451903
0.492654574
0.486341126
0.496738712
0.508988521
0.493651997
0.495425765
0.470766846
0.503812947
0.491573131
0.500408283
0.477875448
0.501559801
0.498776453
0.542555318
0.504496866
0.473643711
0.513345189
0.483291676
0.458335547
0.453490979
0.498813935
0.453248856
0.478402635
0.486378206
0.486369106
0.48784211
0.528282322
0.503051377
0.484500232
0.504402999
0.472956396
0.494066242
0.502409094
0.511650645
0.510771444
0.522476425
0.472299773
0.522335886
0.498019699
0.469503945
0.488023028
0.494990465
0.471483293
0.521734745
0.483337982
0.506018243
0.459200938
0.473571827
0.460911673
0.462133943
0.508860852
0.52333661
0.498615098
0.513930026
0.534539952
0.466721756
0.539581533
0.512267525
0.513091798
0.535017473
0.5485332
0.488202782
0.478793535
0.479357904
0.470492008
0.525838928
0.507236311
0.484030043
0.469735071
0.543815239
0.548363639
0.542727879
0.511049876
0.524119584
0.464052247
0.495491922
0.534673548
0.497901447
0.529450777
0.496254711
0.538345084
0.533034305
0.463955787
0.548347458
0.466979847
0.545656988
0.55811041
0.490535845
0.489257256
0.48401423
0.48986676
0.482829471
0.490439898
0.495156728
0.511905255
0.490526956
0.455991782
0.51765946
0.472691722
0.448876078
0.504541959
0.476265282
0.534988948
0.451373474
0.494102812
0.524861974
0.569329146
0.482669279
0.49491123
0.499056342
0.526801624
0.509045448
0.493889997
0.455116543
0.541401132
0.494613262
0.539937197
0.509372487
0.551693609
0.50663748
0.486642207
0.476040827
0.46812491
0.514916204
0.493808241
0.52663399
0.539461979
0.486478141
0.525271845
0.465549985
0.512708025
0.540786925
0.486915763
0.501930694
0.485181145
0.468162573
0.516513203
0.476228537
0.470024946
0.469136159
0.507213173
0.505634419
0.456837433
0.425602036
0.529779183
0.540756244
0.479343183
0.526782882
0.542799073
0.527207746
0.483029647
0.522861388
0.489117917
0.525806977
0.495619918
0.504711797
0.507858931
0.468356802
0.483954255
0.522135099
0.50573233
0.419278829
0.469198259
0.583653124
0.510015563
0.521898215
0.484139952
0.479833078
0.523412165
0.508767791
0.437397836
0.451688014
0.502068577
0.497080346
0.521452019
0.472677636
0.518152684
0.518327767
0.432407224
0.501299232
0.565294655
0.47248416
0.550533574
0.546695669