0.546697851
0.52122006
0.454441826
0.541959997
0.499973378
0.54397836
0.482113381
0.51568026
0.526292545
0.478193563
0.504166866
0.465428063
0.52378457
0.485504839
0.488625945
0.488893012
0.497256749
0.473787344
0.478780683
0.486954263
0.50556832
0.481439297
0.446227171
0.513832887
0.519613977
0.464967656
0.472449352
0.490805798
0.477359112
0.436577949
0.56255966
0.542055235
0.500814045
0.485705098
0.482976468
0.489784126
0.491409416
0.509045826
0.493435902
0.465534908
0.532888863
0.480343283
0.491037856
0.485135535
0.460657798
0.545888478
0.491070309
0.534701679
0.49785285
0.484868391
0.481989207
0.4975788
0.489195823
0.498640599
0.513442257
0.51947369
0.471910638
0.49508419
0.485958699
0.488905913
0.490348553
0.499726754
0.490325616
0.497593084
0.494211895
0.495454392
0.500194615
0.48140087
0.491057829
0.490899623
0.482912777
0.509712813
0.500617241
0.500609588
0.482195096
0.499544577
0.492337675
0.498650315
0.467004446
0.502064178
0.525367672
0.508765099
0.499747518
0.458508461
0.51322141
0.531290402
0.49012898
0.510505886
0.494754281
0.495739619
0.508698028
0.472553747
0.515520424
0.502094256
0.487733208
0.488399272
0.50775693
0.481172339
0.507539932
0.490470843
0.489484859
0.496899602
0.496533921
0.478441481
0.517791448
0.488218583
0.48597527
0.47770212
0.485125263
0.515649007
0.475268944
0.507499663
0.489618608
0.490957118
0.4820061
0.494469698
0.474785968
0.496465845
0.498576649
0.509894702
0.487881955
0.490118319
0.49370118
0.480222539
0.531325336
0.503748749
0.484333812
0.479705275
0.478208492
0.495733624
0.502529323
0.446138481
0.535881006
0.528395549
0.510737218
0.509128754
0.506750464
0.485752321
0.500523651
0.484021709
0.488677205
0.467349964
0.501145141
0.481572029
0.456224448
0.523724582
0.465611084
0.526941188
0.540987958
0.492620336
0.470601816
0.485743153
0.518487131
0.491114701
0.471318002
0.509880993
0.482138308
0.483219913
0.462929122
0.499902082
0.473459287
0.453037462
0.457297746
0.554965612
0.542828674
0.496089217
0.537424516
0.584712267
0.545395727
0.493904748
0.504929688
0.542981191
0.494662923
0.476226658
0.502979792
0.517380581
0.530581737
0.504314244
0.522021712
0.492588832
0.482102999
0.493568204
0.515990954
0.508908155
0.483725386
0.478354658
0.495010023
0.510923073
0.492970458
0.493692124
0.491766695
0.484245986
0.487716863
0.489362869
0.497457093
0.499956696
0.515458451
0.49392217
0.494452079
0.499773452
0.487266581
0.500476198
0.482406939
0.508870371
0.49652553
0.505611013
0.482015898
0.500071339
0.485023988
0.510054295
0.509558824
0.490548308
0.512645224
0.483770936
0.480702531
0.492992876
0.495318047
0.498856334
0.517145261
0.491005461
0.493958277
0.508395415
0.508179468
0.493895485
0.491361789
0.474617275
0.496435743
0.472519253
0.505972163
0.491063404
0.491888148
0.494338879
0.47455067
0.459477941
0.495821197
0.508501811
0.513707349
0.530166291
0.471465182
0.456775586
0.555012172
0.49755929
0.539502132
0.536227674
0.504540727
0.530708826
0.481630569
0.510383118
0.507786914
0.496213085
0.46241201
0.490950487
0.540861695
0.532054193
0.505370065
0.512517718
0.497454901
0.461592823
0.53210236
0.546145343
0.482681704
0.497973307
0.54003428
0.502474748
0.526741474
0.469650483
0.508170631
0.488033225
0.510957499
0.51539791
0.451640052
0.510054071
0.525451761
0.47107804
0.490469063
0.468730266
0.514275869
0.50312707
0.516023049
0.472780833
0.512485208
0.481028009
0.480602909
0.516141258
0.479495294
0.471812346
0.470436983
0.459852902
0.468802231
0.572898355
0.505807698
0.48028089
0.509413087
0.495461765
0.47502716
0.46477537
0.49492493
0.492134185
0.477706589
0.517238831
0.473423238
0.528732802
0.460927085
0.478273683
0.470711558
0.470797232
0.521306998
0.497036227
0.469341469
0.510752688
0.463311923
0.4869495
0.472898357
0.490593015
0.522874014
0.498871652
0.488573307
0.493284276
0.496041722
0.496533128
0.483691329
0.491278061
0.479475494
0.50248969
0.479951235
0.500160125
0.484111978
0.489360705
0.481844145
0.486019852
0.486335378
0.481962927
0.487861171
0.493850427
0.519752302
0.489583108
0.513438768
0.481200628
0.48425507
0.5133954
0.493801424
0.494234695
0.522873229
0.515022529
0.483749598
0.494954417
0.506455336
0.490303532
0.50499396
0.482784014
0.50266353
0.499622382
0.488641269
0.512708393
0.49065136
0.494758193
0.496477015
0.494946099
0.484869112
0.498946865
0.49544719
0.511998774
0.480313128
0.508679427
0.499518014
0.486053655
0.51091592